54930
31559
73145
82178
97411
78515
30432
49981
61402
38933
20590
14896
89552
99229
84187
97415
97415
74337
74337
38161
13589
80973
43748
14139
35681
68646
94351
65976
37405
24524
96876
32005
50973
18470
84403
85455
55292
88834
32865
34272
13386
32005
55558
39621
72250
40726
43748
38522
54930
87903
31354
72724
79046
29994
23626
78774
88281
89601
37413
69108
65520
31711
43748
74862
92984
79046
15374
39621
14606
99891
29383
85455
19089
79046
51691
65372
50673
12866
65372
83243
65976
73391
74337
32931
79002
20720
30432
97438
70609
68294
50359
83382
37240
65372
50811
58614
93976
13087
12156
50973
26787
37046
50973
65372
35681
54930
69285
11020
91217
23646
65070
47570
81142
23646
88981
17123
79046
79740
94770
10501
91199
20266
25957
16146
19937
97415
51285
96517
32931
99605
62291
69673
73161
30432
34788
97415
88981
30398
81796
20675
32931
42247
51213
15664
26533
60744
13196
65372
65976
43147
83243
20720
42612
83243
15803
20526
39621
22556
92305
88981
83460
91248
85455
19231
73859
18100
83100
32611
88981
13292
92881
84889
26391
15803
18537
48559
24016
32931
55292
51183
15201
39621
17566
70009
15896
20590
20620
65976
91886
46303
61400
29280
31645
43748
70259
20590
38424
58463
48491
65122
61053
43309
74337
39621
20720
20590
35681
71503
69448
19189
55292
98722
73351
29460
84187
58056
43748
68732
65976
43748
31263
71426
18256
55292
44200
29383
80490
32594
55560
99731
55292
39388
41606
82834
97411
74337
23324
43748
75361
10501
35681
92551
85455
58746
43088
44793
76397
55292
74377
50973
32931
92851
24243
18432
53685
84851
50443
97411
89706
79046
71503
10501
40689
65372
39673
53881
35681
74264
74337
82011
89449
38642
30432
25526
24834
79129
23646
41604
29105
47315
54077
87294
37415
25725
50973
32005
73902
70478
96235
90254
20590
55292
85455
31273
50973
57267
71587
98441
55292
55900
88638
21535
23016
74337
89570
29383
83243
55673
20590
22801
87851
35759
65372
80850
23646
99614
35681
92194
98441
45244
55292
39621
87645
56180
65310
79046
50973
85455
74337
30432
32931
54930
33176
64438
30432
83204
71955
35290
97411
82043
97411
43395
50234
31990
79046
23668
65372
29383
20590
86307
35248
25280
33870
38933
65976
38491
16522
99622
94518
96291
97415
77854
98477
32931
39146
65372
56856
64266
25636
20520
73874
49028
57999
97415
69485
82321
47880
14606
75730
96764
35945
18761
32005
62789
38933
30432
30581
20730
41097
76643
57942
19889
85455
23469
71503
79046
17936
15768
89572
50973
66375
96295
24524
42666
71503
54930
88981
11015
26787
29383
95463
99412
58161
13452
97415
78023
44617
22058
89818
55292
74337
63656
84187
20590
97411
97411
32931
43748
53800
45484
24524
79046
55720
23748
19319
17984
20651
97415
38933
61400
74483
36566
32005
63281
30968
10501
96975
73716
97415
50973
79227
20266
89529
80745
79046
96777
77218
50919
31700
10501
77315
50973
24524
97411
71081
10711
35428
32931
85455
71001
20866
41097
78162
65976
41097
20590
87688
20724
36142
62700
10501
49926
70587
24463
55292
35681
26787
26787
43748
24524
50973
35681
71503
49897
42771
32931
42856
28495
97411
46975
84300
97411
96815
81914
48612
26787
61624
88918
45208
92268
29383
90276
91031
42581
29383
56210
97415
32931
97411
26110
24524
65027
29383
48576
20720
43748
57870
33596
43930
16823
32931
65372
62251
10501
39621
24677
39692
62896
88981
90413
77315
79085
38933
79046
79046
97415
26478
62612
61828
92315
25904
32005
11388
71503
61063
97714
32005
84165
82518
65372
27739
41212
33498
38933
17950
82294
19320
43748
20831
61400
33433
38933
35681
24256
32931
51213
51322
39621
24609
77315
68872
29018
83438
97411
54930
86341
79847
51213
89532
59179
15741
44761
43748
42459
58525
70925
43556
11393
43748
84187
86503
36452
29383
54930
83243
33315
73028
70491
64772
43748
95264
63383
49204
60846
67406
44437
82013
39621
97415
84187
29383
54930
76258
46068
87478
46035
23646
65372
41097
43748
91346
84369
97411
54233
27440
86424
52760
35681
64491
97411
32005
20590
31074
37578
39621
93438
39621
46896
86405
32976
39621
39789
74741
58215
92185
38472
44573
32005
19396
30432
18981
30432
20590
94216
24524
85455
67238
26547
29383
50068
16882
90218
35268
97415
33099
51937
43043
88988
39621
55292
82277
13313
75622
23646
93661
67647
75186
93028
26787
23661
84643
32005
19530
26202
38933
24524
77716
50973
65976
41098
20838
36612
65976
55292
93097
33060
81520
55715
14018
26787
55158
50973
59179
36282
65372
30208
99746
32005
33271
76548
56451
39621
84616
95600
97411
92991
15952
43748
41097
20447
32931
10923
72747
85455
15141
28920
78124
26942
64910
84167
20590
85208
48325
22279
75805
46617
39621
79046
65976
83000
24445
44994
74337
53312
45088
32005
20279
41097
97415
84187
10285
10894
20720
82557
60054
28282
72112
74278
55292
30432
99050
82634
20590
27163
77315
43748
29495
85455
20590
54930
43060
54930
10610
65608
27025
44055
75566
32005
46062
43292
50973
35681
23646
59518
93289
28192
65976
71503
85455
58215
77315
74337
69047
17472
77315
32005
93784
12410
18547
97415
75270
52371
84187
19867
32931
65976
57552
11064
66168
55431
24753
61400
78919
33845
67750
52438
51213
60841
96946
50492
49729
32931
42915
65976
88398
59179
50760
97411
14606
57491
57093
10501
20590
71503
99685
61400
98696
94443
71785
13167
97415
45340
41284
68008
10125
27746
97411
77315
15803
34351
87921
83243
23732
88981
33017
83341
20266
50973
82070
10738
53716
97415
30432
87058
73972
13840
83351
30432
91637
24524
19315
99318
50973
32944
62441
83243
97415
66287
77293
50973
88981
89838
55541
24621
61285
47165
35923
20060
43071
11503
28743
43781
30491
62562
20720
82939
32457
43748
57729
83243
87459
69359
65373
76150
65372
26702
21946
20266
49315
54930
27359
14606
35234
10501
56583
54736
96214
28339
38245
45584
77205
94989
39621
20266
11300
39339
79046
13319
21528
32931
97415
72646
61400
20322
39621
14074
99495
78712
85455
68898
91740
98478
94915
93339
50503
77802
96238
59514
50973
71503
78066
54816
39621
65372
54930
61133
47891
30432
91148
10501
14810
43985
61631
95242
55278
97415
55292
29383
97411
74337
76785
93490
43748
55292
71311
18719
27744
84187
39621
50619
90287
73663
97411
38933
29796
72689
79531
90125
95431
15291
