39687
86219
48536
19932
87646
18305
60437
35451
93478
19754
85455
82836
55217
11698
93753
93422
57366
97937
49478
14644
19399
74271
30811
39084
50012
26833
85916
48783
60349
48397
12784
26511
25828
41783
86788
52646
47960
33628
60975
18734
97411
98587
13899
83942
27222
92406
58334
57066
39164
41041
53063
41396
95245
83977
23525
28481
57089
95507
14606
83403
20870
52065
10688
14754
58940
34160
40229
19557
76326
18064
50829
24524
45230
89022
66250
90805
56019
67451
76068
77238
93710
79065
24363
29740
87834
30513
15378
13130
66810
98441
83594
43148
25005
98638
78319
90823
16089
14911
60443
94516
91753
15992
79270
67191
32268
41819
41351
44832
72750
34941
65976
56038
28753
63264
26145
71576
97331
22775
85844
25823
34176
45060
31332
32455
87120
73733
37954
28922
39972
30973
86546
80526
86070
55954
37437
63111
96362
75508
69428
28796
57288
73193
25130
38097
98834
32103
68331
22986
28918
27607
98022
39035
62361
78321
62399
84309
42350
51744
58919
37337
47722
29319
69603
56191
62286
28227
36024
60918
23022
38410
29383
18625
25141
69831
56740
26869
60352
45390
45676
69684
20234
58742
99779
61992
52853
46535
81327
75451
25891
78175
33500
78157
51091
73117
66382
59120
48683
21096
81257
30677
70554
12626
13513
71553
53798
48705
46863
90815
15964
68964
76668
64426
29505
33746
10038
48123
77274
29578
55816
18618
62734
12764
61615
44776
69008
69615
21562
41425
21356
28712
56355
11748
19994
10033
11253
14845
78797
66173
70836
59179
53947
84118
87855
62508
99196
93172
99062
77322
16386
95019
67124
23658
22040
20095
86545
94185
65351
43248
30440
74737
46947
80582
49951
67305
85943
26645
94034
69322
81573
85036
32378
72709
66311
14984
42649
91802
75402
39996
18325
61602
74612
15431
82611
30159
68269
64640
24359
66906
12361
72942
98451
59149
44917
22929
60258
63980
32828
51001
10733
20720
79366
61465
49575
78447
12815
12157
27474
95075
96642
29226
96829
84841
49793
13351
50977
50215
87295
98087
43530
29741
24141
67314
57310
20572
75549
33083
49934
16255
22048
67521
22178
40137
93021
90141
20161
31200
49277
15343
69746
94592
93759
42111
45727
71307
24277
10940
87027
77454
73569
32144
83494
86165
21035
51419
62394
20590
16178
32526
66974
24041
50807
36530
34288
25885
39957
36622
43748
22540
47812
60778
37116
74490
23646
10244
93378
92192
49671
40968
30997
44903
97415
42061
67473
71346
35117
68817
55081
63660
27470
85409
79664
59103
89854
34937
62589
31126
59987
41702
53158
47155
15410
33512
17682
85010
42326
74438
90691
24647
75856
10008
59249
61498
92390
98660
64740
42786
95159
88981
10814
82896
59582
36481
64320
78275
12031
55466
78361
27572
65372
25862
45103
46928
85030
88276
18649
35681
29111
94218
86252
93823
77315
29554
69304
67449
59720
97180
42054
84226
77336
95184
74680
44559
42923
23122
68282
18348
43175
47771
71875
51767
15666
47306
67340
39560
27302
22715
19262
30522
41704
69346
69691
39771
67926
33936
27443
71926
89325
95998
49871
18672
60268
95709
58557
86330
66612
63979
45966
30432
88832
16475
43091
91285
74407
74337
44472
51748
66315
70339
32919
34170
29144
68669
79046
68797
61355
66045
65345
34776
62024
22080
41658
40489
77414
87328
39847
62166
14946
46608
61626
68038
74304
33687
89997
71497
70649
75076
39550
42772
27314
52382
10501
60075
67162
18539
98602
86708
18832
34806
57052
26225
86466
22149
72545
61056
42425
18465
96275
93622
24920
76211
42390
22748
23429
28323
69320
39102
27448
60718
38364
65294
78308
71470
18756
21876
23964
63538
27576
11707
84686
26018
49866
76498
18202
32295
13631
82697
93416
33240
50664
24764
89632
30109
91551
61710
94996
58869
32931
83906
63729
92094
57957
14369
87984
73328
85008
57450
65808
20553
80030
24598
14926
63774
56586
42048
29688
81927
37463
44318
38022
40289
36192
34815
30912
29375
10954
20827
71373
55907
66557
20370
42450
47937
35114
50280
53360
52625
74506
78581
50670
67067
53047
28877
42353
71840
62376
53738
24879
69261
57133
33644
73635
12036
27599
41620
31518
43210
29331
80103
58324
72535
50973
19898
95111
62134
22738
85240
41403
10562
66230
66002
29925
86609
16196
26610
28817
64124
81667
49763
64284
62185
99896
46020
17194
74962
13420
16973
89651
67742
54231
41902
93241
53267
75234
89219
99065
23411
41648
78473
46849
96778
36339
66106
83602
60191
39157
75269
54146
64769
32005
95839
80529
30527
83243
58199
78364
15803
19540
24332
69804
89498
32922
51186
64371
67761
14931
33983
23532
60995
46968
71489
15532
60734
80923
55415
33838
38933
28270
64729
82909
21322
20606
20323
65612
42742
60541
69361
83643
33413
80131
60963
31622
76264
78435
64808
28784
84514
99920
64277
32066
61170
53590
75500
21399
57159
95725
47434
14728
86794
52400
64448
27278
54885
79570
85379
19497
10131
82510
37690
19278
28841
27287
32480
56252
77005
38978
12387
17737
55292
95579
60386
83024
43990
14130
97781
25377
10359
44237
30104
93883
28533
52211
28015
54979
59145
88731
92214
60194
96948
83445
44724
99575
59780
88198
67804
15309
63776
39191
88847
51336
67934
61623
30153
13866
13232
18107
24272
37532
74619
18266
69298
74422
83542
93767
70226
83460
30637
17147
47019
61400
99313
24905
64661
80464
59801
26787
30009
46714
85549
80405
90469
47988
54532
49943
77697
11487
41097
96136
65608
55729
64859
51213
95044
26875
20266
54279
49123
25659
71503
25042
85683
75203
15024
48884
20362
29757
69591
52463
96531
18691
38982
46845
43757
59287
53671
71592
15612
31062
27714
81451
83692
17667
38165
31407
54602
16418
24549
68171
45107
85000
52279
39804
54930
33435
35192
28963
62401
62057
66086
68558
64279
53866
53322
57423
84187
36345
14838
66499
12383
49461
63604
70558
25392
76916
92341
35379
76956
95342
70320
69676
61564
87659
76459
58765
60496
95443
23163
42578
35408
73211
19253
81387
60736
93733
35524
10497
82104
63189
69699
64848
79082
25166
67709
89006
31258
78044
28810
85541
25783
84160
60869
15908
21392
91823
68112
68487
79369
33236
53085
25758
95806
79198
87996
11943
98740
63599
30758
78768
29026
62476
19193
47322
30951
42954
32520
31248
58121
30540
35353
72450
69146
87152
31122
58215
92645
12395
88681
37459
36993
48597
94499
68261
35126
95513
73472
28325
83597
12914
39621
10029
85400
